16230094
16586164
229
1287797
28768
272285397
296802930
538197375
269688912
11335102
540666827
535244580
194136
87069809
92785701
1592652969
1583026607
1582254224
1600968966
1591277073
1618305407
1592254210
153038771
185413604
6413968716
6321550255
6343499378
4040972470
6307118929
33763176
6143741074
6211068998
798795057
799493713
1092943625
1099553458
1100023093
1102254193
1094521055
1093424645
1087270336
1094556940
3816982
2728250
28781
2388590
2485765
2398652
290700644
297118453
2954822
2956643
840745620
837786605
844996479
833329022
3236843
4403759
18014457
843469
4218593
5297368
905784
10222872
21832346
110783358
113810287
21710528
18863607
95634
965
480249033
448756031
362071789
363442641
584937961
587101402
599961227
201436515
205675202
197378747
188922530
572541258
336409
169992444
161974220
110230884
109152834
121105236
94104416
10769470
848970135
845493221
966227131
1015090376
2066437
2516265
159751109
212976957
178074936
263745195
199137059
228341590
209636263
3602258
3530756
1168763358
1122633465
9151796368
7969882037
9063432528
4324184751
4346069136
4347987225
